0
2
3.99999999999999
5.99999999999999
7.99999999999998
10
12
14.0000000000001
16.0000000000001
18.0000000000001
20.0000000000001
22.0000000000002
24.0000000000002
26.0000000000002
28.0000000000003
30.0000000000003
32.0000000000003
34.0000000000002
36.0000000000001
38
39.9999999999999
41.9999999999998
43.9999999999996
45.9999999999995
47.9999999999994
49.9999999999993
51.9999999999992
53.9999999999991
55.999999999999
57.9999999999988
59.9999999999987
61.9999999999986
63.9999999999985
65.9999999999984
67.9999999999983
69.9999999999982
71.9999999999981
73.9999999999979
75.9999999999978
77.9999999999977
79.9999999999976
81.9999999999975
83.9999999999974
85.9999999999973
87.9999999999971
89.999999999997
91.9999999999969
93.9999999999968
95.9999999999967
97.9999999999966
99.9999999999965
101.999999999996
103.999999999996
105.999999999996
107.999999999996
109.999999999996
111.999999999996
113.999999999996
115.999999999996
117.999999999995
119.999999999995
121.999999999995
123.999999999995
125.999999999995
127.999999999995
129.999999999995
131.999999999996
133.999999999996
135.999999999997
137.999999999997
139.999999999998
141.999999999998
143.999999999998
145.999999999999
147.999999999999
150
152
154.000000000001
156.000000000001
158.000000000002
160.000000000002
162.000000000003
164.000000000003
166.000000000003
168.000000000004
170.000000000004
172.000000000005
174.000000000005
176.000000000006
178.000000000006
180.000000000007
182.000000000007
184.000000000008
186.000000000008
188.000000000008
190.000000000009
192.000000000009
194.00000000001
196.00000000001
198.000000000011
200.000000000011
202.000000000012
204.000000000012
206.000000000013
208.000000000013
210.000000000014
212.000000000014
214.000000000014
216.000000000015
218.000000000015
220.000000000016
222.000000000016
224.000000000017
226.000000000017
228.000000000018
230.000000000018
232.000000000019
234.000000000019
236.000000000019
238.00000000002
240.00000000002
242.000000000021
244.000000000021
246.000000000022
248.000000000022
250.000000000023
252.000000000023
254.000000000024
256.000000000024
258.000000000024
260.000000000025
262.000000000025
264.000000000026
266.000000000026
268.000000000027
270.000000000027
272.000000000028
274.000000000028
276.000000000028
278.000000000029
280.000000000029
282.00000000003
284.00000000003
286.000000000031
288.000000000031
290.000000000032
292.000000000032
294.000000000033
296.000000000033
298.000000000033
300.000000000034
302.000000000034
304.000000000035
306.000000000035
308.000000000036
310.000000000036
312.000000000037
314.000000000037
316.000000000038
318.000000000038
320.000000000038
322.000000000039
324.000000000039
326.00000000004
328.00000000004
330.000000000041
332.000000000041
334.000000000042
336.000000000042
338.000000000043
340.000000000043
342.000000000043
344.000000000044
346.000000000044
348.000000000045
350.000000000045
352.000000000046
354.000000000046
356.000000000047
358.000000000047
360.000000000048
362.000000000048
364.000000000048
366.000000000049
368.000000000049
370.00000000005
372.00000000005
374.000000000051
376.000000000051
378.000000000052
380.000000000052
382.000000000053
384.000000000053
386.000000000053
388.000000000054
390.000000000054
392.000000000055
394.000000000055
396.000000000056
398.000000000056
400.000000000057
402.000000000057
404.000000000058
406.000000000058
408.000000000058
410.000000000059
412.000000000059
414.00000000006
416.00000000006
418.000000000061
420.000000000061
422.000000000062
424.000000000062
426.000000000063
428.000000000063
430.000000000063
432.000000000064
434.000000000064
436.000000000065
438.000000000065
440.000000000066
442.000000000066
444.000000000067
446.000000000067
448.000000000068
450.000000000068
452.000000000068
454.000000000069
456.000000000069
458.00000000007
460.00000000007
462.000000000071
464.000000000071
466.000000000072
468.000000000072
470.000000000073
472.000000000073
474.000000000073
476.000000000074
478.000000000074
480.000000000075
482.000000000075
484.000000000076
486.000000000076
488.000000000077
490.000000000077
492.000000000078
494.000000000078
496.000000000079
498.000000000079
500.000000000079
502.00000000008
504.00000000008
506.000000000081
508.000000000081
510.000000000082
512.000000000082
514.00000000008
516.000000000078
518.000000000077
520.000000000075
522.000000000073
524.000000000071
526.000000000069
528.000000000068
530.000000000066
532.000000000064
534.000000000062
536.00000000006
538.000000000058
540.000000000057
542.000000000055
544.000000000053
546.000000000051
548.000000000049
550.000000000048
552.000000000046
554.000000000044
556.000000000042
558.00000000004
560.000000000038
562.000000000037
564.000000000035
566.000000000033
568.000000000031
570.000000000029
572.000000000028
574.000000000026
576.000000000024
578.000000000022
580.00000000002
582.000000000018
584.000000000017
586.000000000015
588.000000000013
590.000000000011
592.000000000009
594.000000000008
596.000000000006
598.000000000004
600.000000000002
602
603.999999999998
605.999999999997
607.999999999995
609.999999999993
611.999999999991
613.999999999989
615.999999999987
617.999999999986
619.999999999984
621.999999999982
623.99999999998
625.999999999978
627.999999999977
629.999999999975
631.999999999973
633.999999999971
635.999999999969
637.999999999967
639.999999999966
641.999999999964
643.999999999962
645.99999999996
647.999999999958
649.999999999957
651.999999999955
653.999999999953
655.999999999951
657.999999999949
659.999999999947
661.999999999946
663.999999999944
665.999999999942
667.99999999994
669.999999999938
671.999999999937
673.999999999935
675.999999999933
677.999999999931
679.999999999929
681.999999999927
683.999999999926
685.999999999924
687.999999999922
689.99999999992
691.999999999918
693.999999999917
695.999999999915
697.999999999913
699.999999999911
701.999999999909
703.999999999907
705.999999999906
707.999999999904
709.999999999902
711.9999999999
713.999999999898
715.999999999897
717.999999999895
719.999999999893
721.999999999891
723.999999999889
725.999999999887
727.999999999886
729.999999999884
731.999999999882
733.99999999988
735.999999999878
737.999999999877
739.999999999875
741.999999999873
743.999999999871
745.999999999869
747.999999999867
749.999999999866
751.999999999864
753.999999999862
755.99999999986
757.999999999858
759.999999999857
761.999999999855
763.999999999853
765.999999999851
767.999999999849
769.999999999847
771.999999999846
773.999999999844
775.999999999842
777.99999999984
779.999999999838
781.999999999837
783.999999999835
785.999999999833
787.999999999831
789.999999999829
791.999999999827
793.999999999826
795.999999999824
797.999999999822
799.99999999982
801.999999999818
803.999999999817
805.999999999815
807.999999999813
809.999999999811
811.999999999809
813.999999999807
815.999999999806
817.999999999804
819.999999999802
821.9999999998
823.999999999798
825.999999999797
827.999999999795
829.999999999793
831.999999999791
833.999999999789
835.999999999787
837.999999999786
839.999999999784
841.999999999782
843.99999999978
845.999999999778
847.999999999776
849.999999999775
851.999999999773
853.999999999771
855.999999999769
857.999999999767
859.999999999766
861.999999999764
863.999999999762
865.99999999976
867.999999999758
869.999999999756
871.999999999755
873.999999999753
875.999999999751
877.999999999749
879.999999999747
881.999999999746
883.999999999744
885.999999999742
887.99999999974
889.999999999738
891.999999999736
893.999999999735
895.999999999733
897.999999999731
899.999999999729
901.999999999727
903.999999999726
905.999999999724
907.999999999722
909.99999999972
911.999999999718
913.999999999716
915.999999999715
917.999999999713
919.999999999711
921.999999999709
923.999999999707
925.999999999706
927.999999999704
929.999999999702
931.9999999997
933.999999999698
935.999999999696
937.999999999695
939.999999999693
941.999999999691
943.999999999689
945.999999999687
947.999999999686
949.999999999684
951.999999999682
953.99999999968
955.999999999678
957.999999999676
959.999999999675
961.999999999673
963.999999999671
965.999999999669
967.999999999667
969.999999999666
971.999999999664
973.999999999662
975.99999999966
977.999999999658
979.999999999656
981.999999999655
983.999999999653
985.999999999651
987.999999999649
989.999999999647
991.999999999646
993.999999999644
995.999999999642
997.99999999964
999.999999999638
1001.99999999964
1003.99999999963
1005.99999999963
1007.99999999963
1009.99999999963
1011.99999999963
1013.99999999963
1015.99999999962
1017.99999999962
1019.99999999962
1021.99999999962
1023.99999999962
1025.99999999961
1027.99999999961
1029.99999999961
1031.99999999961
1033.99999999961
1035.99999999961
1037.9999999996
1039.9999999996
1041.9999999996
1043.9999999996
1045.9999999996
1047.99999999959
1049.99999999959
1051.99999999959
1053.99999999959
1055.99999999959
1057.99999999959
1059.99999999958
1061.99999999958
1063.99999999958
1065.99999999958
1067.99999999958
1069.99999999957
1071.99999999957
1073.99999999957
1075.99999999957
1077.99999999957
1079.99999999957
1081.99999999956
1083.99999999956
1085.99999999956
1087.99999999956
1089.99999999956
1091.99999999955
1093.99999999955
1095.99999999955
1097.99999999955
1099.99999999955
1101.99999999955
1103.99999999954
1105.99999999954
1107.99999999954
1109.99999999954
1111.99999999954
1113.99999999953
1115.99999999953
1117.99999999953
1119.99999999953
1121.99999999953
1123.99999999953
1125.99999999952
1127.99999999952
1129.99999999952
1131.99999999952
1133.99999999952
1135.99999999951
1137.99999999951
1139.99999999951
1141.99999999951
1143.99999999951
1145.99999999951
1147.9999999995
1149.9999999995
1151.9999999995
1153.9999999995
1155.9999999995
1157.99999999949
1159.99999999949
1161.99999999949
1163.99999999949
1165.99999999949
1167.99999999949
1169.99999999948
1171.99999999948
1173.99999999948
1175.99999999948
1177.99999999948
1179.99999999947
1181.99999999947
1183.99999999947
1185.99999999947
1187.99999999947
1189.99999999947
1191.99999999946
1193.99999999946
1195.99999999946
1197.99999999946
1199.99999999946
1201.99999999945
1203.99999999945
1205.99999999945
1207.99999999945
1209.99999999945
1211.99999999945
1213.99999999944
1215.99999999944
1217.99999999944
1219.99999999944
1221.99999999944
1223.99999999943
1225.99999999943
1227.99999999943
1229.99999999943
1231.99999999943
1233.99999999943
1235.99999999942
1237.99999999942
1239.99999999942
1241.99999999942
1243.99999999942
1245.99999999941
1247.99999999941
1249.99999999941
1251.99999999941
1253.99999999941
1255.99999999941
1257.9999999994
1259.9999999994
1261.9999999994
1263.9999999994
1265.9999999994
1267.99999999939
1269.99999999939
1271.99999999939
1273.99999999939
1275.99999999939
1277.99999999939
1279.99999999938
1281.99999999938
1283.99999999938
1285.99999999938
1287.99999999938
1289.99999999937
1291.99999999937
1293.99999999937
1295.99999999937
1297.99999999937
1299.99999999937
1301.99999999936
1303.99999999936
1305.99999999936
1307.99999999936
1309.99999999936
1311.99999999935
1313.99999999935
1315.99999999935
1317.99999999935
1319.99999999935
1321.99999999935
1323.99999999934
1325.99999999934
1327.99999999934
1329.99999999934
1331.99999999934
1333.99999999933
1335.99999999933
1337.99999999933
1339.99999999933
1341.99999999933
1343.99999999933
1345.99999999932
1347.99999999932
1349.99999999932
1351.99999999932
1353.99999999932
1355.99999999931
1357.99999999931
1359.99999999931
1361.99999999931
1363.99999999931
1365.99999999931
1367.9999999993
1369.9999999993
1371.9999999993
1373.9999999993
1375.9999999993
1377.99999999929
1379.99999999929
1381.99999999929
1383.99999999929
1385.99999999929
1387.99999999929
1389.99999999928
1391.99999999928
1393.99999999928
1395.99999999928
1397.99999999928
1399.99999999927
1401.99999999927
1403.99999999927
1405.99999999927
1407.99999999927
1409.99999999927
1411.99999999926
1413.99999999926
1415.99999999926
1417.99999999926
1419.99999999926
1421.99999999925
1423.99999999925
1425.99999999925
1427.99999999925
1429.99999999925
1431.99999999925
1433.99999999924
1435.99999999924
1437.99999999924
1439.99999999924
1441.99999999924
1443.99999999923
1445.99999999923
1447.99999999923
1449.99999999923
1451.99999999923
1453.99999999923
1455.99999999922
1457.99999999922
1459.99999999922
1461.99999999922
1463.99999999922
1465.99999999921
1467.99999999921
1469.99999999921
1471.99999999921
1473.99999999921
1475.99999999921
1477.9999999992
1479.9999999992
1481.9999999992
1483.9999999992
1485.9999999992
1487.99999999919
1489.99999999919
1491.99999999919
1493.99999999919
1495.99999999919
1497.99999999919
