0
2
3.99999999999996
5.99999999999992
7.99999999999987
9.99999999999983
11.9999999999998
13.9999999999997
15.9999999999997
18
20.0000000000003
22.0000000000006
24.000000000001
26.0000000000013
28.0000000000016
30.0000000000019
32.0000000000022
34.0000000000018
36.0000000000014
38.000000000001
40.0000000000006
42.0000000000002
43.9999999999998
45.9999999999994
47.999999999999
49.9999999999986
51.9999999999982
53.9999999999978
55.9999999999974
57.999999999997
59.9999999999966
61.9999999999962
63.9999999999958
65.9999999999969
67.9999999999979
69.9999999999989
71.9999999999999
74.000000000001
76.000000000002
78.000000000003
80.000000000004
82.000000000005
84.0000000000061
86.0000000000071
88.0000000000081
90.0000000000091
92.0000000000102
94.0000000000112
96.0000000000122
98.0000000000132
100.000000000014
102.000000000015
104.000000000016
106.000000000017
108.000000000018
110.000000000019
112.00000000002
114.000000000021
116.000000000022
118.000000000023
120.000000000024
122.000000000026
124.000000000027
126.000000000028
128.000000000029
130.000000000027
132.000000000025
134.000000000023
136.000000000021
138.000000000019
140.000000000018
142.000000000016
144.000000000014
146.000000000012
148.00000000001
150.000000000009
152.000000000007
154.000000000005
156.000000000003
158.000000000001
159.999999999999
161.999999999998
163.999999999996
165.999999999994
167.999999999992
169.99999999999
171.999999999989
173.999999999987
175.999999999985
177.999999999983
179.999999999981
181.999999999979
183.999999999978
185.999999999976
187.999999999974
189.999999999972
191.99999999997
193.999999999969
195.999999999967
197.999999999965
199.999999999963
201.999999999961
203.999999999959
205.999999999958
207.999999999956
209.999999999954
211.999999999952
213.99999999995
215.999999999949
217.999999999947
219.999999999945
221.999999999943
223.999999999941
225.999999999939
227.999999999938
229.999999999936
231.999999999934
233.999999999932
235.99999999993
237.999999999929
239.999999999927
241.999999999925
243.999999999923
245.999999999921
247.999999999919
249.999999999918
251.999999999916
253.999999999914
255.999999999912
257.99999999991
259.999999999909
261.999999999907
263.999999999905
265.999999999903
267.999999999901
269.999999999899
271.999999999898
273.999999999896
275.999999999894
277.999999999892
279.99999999989
281.999999999889
283.999999999887
285.999999999885
287.999999999883
289.999999999881
291.999999999879
293.999999999878
295.999999999876
297.999999999874
299.999999999872
301.99999999987
303.999999999869
305.999999999867
307.999999999865
309.999999999863
311.999999999861
313.999999999859
315.999999999858
317.999999999856
319.999999999854
321.999999999852
323.99999999985
325.999999999849
327.999999999847
329.999999999845
331.999999999843
333.999999999841
335.999999999839
337.999999999838
339.999999999836
341.999999999834
343.999999999832
345.99999999983
347.999999999829
349.999999999827
351.999999999825
353.999999999823
355.999999999821
357.999999999819
359.999999999818
361.999999999816
363.999999999814
365.999999999812
367.99999999981
369.999999999808
371.999999999807
373.999999999805
375.999999999803
377.999999999801
379.999999999799
381.999999999798
383.999999999796
385.999999999794
387.999999999792
389.99999999979
391.999999999788
393.999999999787
395.999999999785
397.999999999783
399.999999999781
401.999999999779
403.999999999778
405.999999999776
407.999999999774
409.999999999772
411.99999999977
413.999999999768
415.999999999767
417.999999999765
419.999999999763
421.999999999761
423.999999999759
425.999999999758
427.999999999756
429.999999999754
431.999999999752
433.99999999975
435.999999999748
437.999999999747
439.999999999745
441.999999999743
443.999999999741
445.999999999739
447.999999999738
449.999999999736
451.999999999734
453.999999999732
455.99999999973
457.999999999728
459.999999999727
461.999999999725
463.999999999723
465.999999999721
467.999999999719
469.999999999718
471.999999999716
473.999999999714
475.999999999712
477.99999999971
479.999999999708
481.999999999707
483.999999999705
485.999999999703
487.999999999701
489.999999999699
491.999999999698
493.999999999696
495.999999999694
497.999999999692
499.99999999969
501.999999999688
503.999999999687
505.999999999685
507.999999999683
509.999999999681
511.999999999679
513.999999999678
515.999999999676
517.999999999674
519.999999999672
521.99999999967
523.999999999668
525.999999999667
527.999999999665
529.999999999663
531.999999999661
533.999999999659
535.999999999658
537.999999999656
539.999999999654
541.999999999652
543.99999999965
545.999999999648
547.999999999647
549.999999999645
551.999999999643
553.999999999641
555.999999999639
557.999999999638
559.999999999636
561.999999999634
563.999999999632
565.99999999963
567.999999999628
569.999999999627
571.999999999625
573.999999999623
575.999999999621
577.999999999619
579.999999999618
581.999999999616
583.999999999614
585.999999999612
587.99999999961
589.999999999608
591.999999999607
593.999999999605
595.999999999603
597.999999999601
599.999999999599
601.999999999598
603.999999999596
605.999999999594
607.999999999592
609.99999999959
611.999999999588
613.999999999587
615.999999999585
617.999999999583
619.999999999581
621.999999999579
623.999999999578
625.999999999576
627.999999999574
629.999999999572
631.99999999957
633.999999999568
635.999999999567
637.999999999565
639.999999999563
641.999999999561
643.999999999559
645.999999999558
647.999999999556
649.999999999554
651.999999999552
653.99999999955
655.999999999548
657.999999999547
659.999999999545
661.999999999543
663.999999999541
665.999999999539
667.999999999538
669.999999999536
671.999999999534
673.999999999532
675.99999999953
677.999999999528
679.999999999527
681.999999999525
683.999999999523
685.999999999521
687.999999999519
689.999999999518
691.999999999516
693.999999999514
695.999999999512
697.99999999951
699.999999999508
701.999999999507
703.999999999505
705.999999999503
707.999999999501
709.999999999499
711.999999999498
713.999999999496
715.999999999494
717.999999999492
719.99999999949
721.999999999488
723.999999999487
725.999999999485
727.999999999483
729.999999999481
731.999999999479
733.999999999477
735.999999999476
737.999999999474
739.999999999472
741.99999999947
743.999999999468
745.999999999467
747.999999999465
749.999999999463
751.999999999461
753.999999999459
755.999999999457
757.999999999456
759.999999999454
761.999999999452
763.99999999945
765.999999999448
767.999999999447
769.999999999445
771.999999999443
773.999999999441
775.999999999439
777.999999999437
779.999999999436
781.999999999434
783.999999999432
785.99999999943
787.999999999428
789.999999999427
791.999999999425
793.999999999423
795.999999999421
797.999999999419
799.999999999417
801.999999999416
803.999999999414
805.999999999412
807.99999999941
809.999999999408
811.999999999407
813.999999999405
815.999999999403
817.999999999401
819.999999999399
821.999999999397
823.999999999396
825.999999999394
827.999999999392
829.99999999939
831.999999999388
833.999999999387
835.999999999385
837.999999999383
839.999999999381
841.999999999379
843.999999999377
845.999999999376
847.999999999374
849.999999999372
851.99999999937
853.999999999368
855.999999999367
857.999999999365
859.999999999363
861.999999999361
863.999999999359
865.999999999357
867.999999999356
869.999999999354
871.999999999352
873.99999999935
875.999999999348
877.999999999347
879.999999999345
881.999999999343
883.999999999341
885.999999999339
887.999999999337
889.999999999336
891.999999999334
893.999999999332
895.99999999933
897.999999999328
899.999999999327
901.999999999325
903.999999999323
905.999999999321
907.999999999319
909.999999999317
911.999999999316
913.999999999314
915.999999999312
917.99999999931
919.999999999308
921.999999999307
923.999999999305
925.999999999303
927.999999999301
929.999999999299
931.999999999297
933.999999999296
935.999999999294
937.999999999292
939.99999999929
941.999999999288
943.999999999287
945.999999999285
947.999999999283
949.999999999281
951.999999999279
953.999999999277
955.999999999276
957.999999999274
959.999999999272
961.99999999927
963.999999999268
965.999999999266
967.999999999265
969.999999999263
971.999999999261
973.999999999259
975.999999999257
977.999999999256
979.999999999254
981.999999999252
983.99999999925
985.999999999248
987.999999999246
989.999999999245
991.999999999243
993.999999999241
995.999999999239
997.999999999237
999.999999999236
1001.99999999923
1003.99999999923
1005.99999999923
1007.99999999923
1009.99999999923
1011.99999999922
1013.99999999922
1015.99999999922
1017.99999999922
1019.99999999922
1021.99999999922
1023.99999999921
1025.99999999921
1027.99999999921
1029.99999999921
1031.99999999921
1033.9999999992
1035.9999999992
1037.9999999992
1039.9999999992
1041.9999999992
1043.9999999992
1045.99999999919
1047.99999999919
1049.99999999919
1051.99999999919
1053.99999999919
1055.99999999918
1057.99999999918
1059.99999999918
1061.99999999918
1063.99999999918
1065.99999999918
1067.99999999917
1069.99999999917
1071.99999999917
1073.99999999917
1075.99999999917
1077.99999999916
1079.99999999916
1081.99999999916
1083.99999999916
1085.99999999916
1087.99999999916
1089.99999999915
1091.99999999915
1093.99999999915
1095.99999999915
1097.99999999915
1099.99999999914
1101.99999999914
1103.99999999914
1105.99999999914
1107.99999999914
1109.99999999914
1111.99999999913
1113.99999999913
1115.99999999913
1117.99999999913
1119.99999999913
1121.99999999912
1123.99999999912
1125.99999999912
1127.99999999912
1129.99999999912
1131.99999999912
1133.99999999911
1135.99999999911
1137.99999999911
1139.99999999911
1141.99999999911
1143.9999999991
1145.9999999991
1147.9999999991
1149.9999999991
1151.9999999991
1153.9999999991
1155.99999999909
1157.99999999909
1159.99999999909
1161.99999999909
1163.99999999909
1165.99999999908
1167.99999999908
1169.99999999908
1171.99999999908
1173.99999999908
1175.99999999908
1177.99999999907
1179.99999999907
1181.99999999907
1183.99999999907
1185.99999999907
1187.99999999906
1189.99999999906
1191.99999999906
1193.99999999906
1195.99999999906
1197.99999999906
1199.99999999905
1201.99999999905
1203.99999999905
1205.99999999905
1207.99999999905
1209.99999999904
1211.99999999904
1213.99999999904
1215.99999999904
1217.99999999904
1219.99999999904
1221.99999999903
1223.99999999903
1225.99999999903
1227.99999999903
1229.99999999903
1231.99999999902
1233.99999999902
1235.99999999902
1237.99999999902
1239.99999999902
1241.99999999902
1243.99999999901
1245.99999999901
1247.99999999901
1249.99999999901
1251.99999999901
1253.999999999
1255.999999999
1257.999999999
1259.999999999
1261.999999999
1263.999999999
1265.99999999899
1267.99999999899
1269.99999999899
1271.99999999899
1273.99999999899
1275.99999999898
1277.99999999898
1279.99999999898
1281.99999999898
1283.99999999898
1285.99999999898
1287.99999999897
1289.99999999897
1291.99999999897
1293.99999999897
1295.99999999897
1297.99999999896
1299.99999999896
1301.99999999896
1303.99999999896
1305.99999999896
1307.99999999896
1309.99999999895
1311.99999999895
1313.99999999895
1315.99999999895
1317.99999999895
1319.99999999894
1321.99999999894
1323.99999999894
1325.99999999894
1327.99999999894
1329.99999999894
1331.99999999893
1333.99999999893
1335.99999999893
1337.99999999893
1339.99999999893
1341.99999999892
1343.99999999892
1345.99999999892
1347.99999999892
1349.99999999892
1351.99999999892
1353.99999999891
1355.99999999891
1357.99999999891
1359.99999999891
1361.99999999891
1363.9999999989
1365.9999999989
1367.9999999989
1369.9999999989
1371.9999999989
1373.9999999989
1375.99999999889
1377.99999999889
1379.99999999889
1381.99999999889
1383.99999999889
1385.99999999888
1387.99999999888
1389.99999999888
1391.99999999888
1393.99999999888
1395.99999999888
1397.99999999887
1399.99999999887
1401.99999999887
1403.99999999887
1405.99999999887
1407.99999999886
1409.99999999886
1411.99999999886
1413.99999999886
1415.99999999886
1417.99999999886
1419.99999999885
1421.99999999885
1423.99999999885
1425.99999999885
1427.99999999885
1429.99999999884
1431.99999999884
1433.99999999884
1435.99999999884
1437.99999999884
1439.99999999884
1441.99999999883
1443.99999999883
1445.99999999883
1447.99999999883
1449.99999999883
1451.99999999882
1453.99999999882
1455.99999999882
1457.99999999882
1459.99999999882
1461.99999999882
1463.99999999881
1465.99999999881
1467.99999999881
1469.99999999881
1471.99999999881
1473.9999999988
1475.9999999988
1477.9999999988
1479.9999999988
1481.9999999988
1483.9999999988
1485.99999999879
1487.99999999879
1489.99999999879
1491.99999999879
1493.99999999879
1495.99999999878
1497.99999999878
