0    5.5471709450578e-09    2.35370589380889e-20    0    5.54717094508134e-09
20.0000000000001    5.4808101882583e-09    2.1463516920647e-20    0    5.48081018827976e-09
39.9999999999999    5.4156331572124e-09    2.08618117464365e-20    0    5.41563315723326e-09
59.9999999999987    5.35161186509175e-09    2.13746860129584e-20    0    5.35161186511312e-09
79.9999999999976    5.28871914732687e-09    2.09279552291198e-20    0    5.2887191473478e-09
99.9999999999965    5.22692863277781e-09    2.11148392900175e-20    0    5.22692863279892e-09
119.999999999995    5.16621471607985e-09    2.00425076867997e-20    0    5.16621471609989e-09
139.999999999998    5.10655253112488e-09    2.21947254936631e-20    0    5.10655253114708e-09
160.000000000002    5.04791792560863e-09    2.15179610808029e-20    0    5.04791792563015e-09
180.000000000007    4.99028743655596e-09    2.15236271001425e-20    0    4.99028743657749e-09
200.000000000011    4.93363826685709e-09    2.04389713440411e-20    0    4.93363826687753e-09
220.000000000016    4.87794826272442e-09    2.14217971058838e-20    0    4.87794826274584e-09
240.00000000002    4.82319589203559e-09    2.13576875222145e-20    0    4.82319589205695e-09
260.000000000025    4.76936022349828e-09    2.06192327302739e-20    0    4.7693602235189e-09
280.000000000029    4.71642090665237e-09    2.13215002534486e-20    0    4.7164209066737e-09
300.000000000034    4.66435815263964e-09    2.04793535586525e-20    0    4.66435815266012e-09
320.000000000038    4.61315271571132e-09    1.97828295021011e-20    0    4.6131527157311e-09
340.000000000043    4.56278587540952e-09    1.86937770836448e-20    0    4.56278587542821e-09
360.000000000048    4.51323941948748e-09    2.09873551176936e-20    0    4.51323941950847e-09
380.000000000052    4.46449562745629e-09    1.8890207502894e-20    0    4.46449562747518e-09
400.000000000057    4.41653725468956e-09    1.79399443582714e-20    0    4.4165372547075e-09
420.000000000061    4.36934751719696e-09    1.8817225560561e-20    0    4.36934751721577e-09
440.000000000066    4.3229100769424e-09    1.96900387439445e-20    0    4.32291007696209e-09
460.00000000007    4.27720902768937e-09    1.82582849891604e-20    0    4.27720902770762e-09
480.000000000075    4.23222888137719e-09    1.98570653040561e-20    0    4.23222888139704e-09
