0    1    0.000100595061305667    0.000100595061305667
20.0000000000001    1.00200786699789    0.00010019231170509    9.99915419878641e-05
39.9999999999999    1.00400771918194    9.97935692365908e-05    9.93952211023857e-05
59.9999999999987    1.00599963605836    9.93987704887153e-05    9.88059706245752e-05
79.9999999999976    1.0079836958789    9.90078534216327e-05    9.82236655477884e-05
99.9999999999965    1.00995997566794    9.8620757329598e-05    9.76481837949814e-05
119.999999999995    1.01192855124876    9.82374228046521e-05    9.70794061333907e-05
139.999999999998    1.01388949726918    9.78577917015183e-05    9.65172160921775e-05
160.000000000002    1.01584288722644    9.74818071036373e-05    9.59614998829125e-05
180.000000000007    1.01778879349148    9.71094132903153e-05    9.54121463228004e-05
200.000000000011    1.0197272873325    9.67405557049236e-05    9.48690467605182e-05
220.000000000016    1.02165843893798    9.63751809241249e-05    9.43320950045766e-05
240.00000000002    1.02358231743898    9.60132366280795e-05    9.38011872540997e-05
260.000000000025    1.02549899093099    9.56546715715981e-05    9.32762220319288e-05
280.000000000029    1.02740852649509    9.52994355562041e-05    9.27571001199585e-05
300.000000000034    1.02931099021863    9.49474794030743e-05    9.22437244966234e-05
320.000000000038    1.03120644721538    9.45987549268245e-05    9.17360002764477e-05
340.000000000043    1.03309496164509    9.42532149101065e-05    9.12338346515779e-05
360.000000000048    1.03497659673268    9.39108130789946e-05    9.07371368352307e-05
380.000000000052    1.0368514147868    9.35715040791209e-05    9.02458180069721e-05
400.000000000057    1.03871947721801    9.3235243452546e-05    8.97597912597697e-05
420.000000000061    1.04058084455651    9.2901987615328e-05    8.92789715487433e-05
440.000000000066    1.04243557646937    9.2571693835774e-05    8.88032756415566e-05
460.00000000007    1.04428373177735    9.22443202133395e-05    8.83326220703843e-05
480.000000000075    1.04612536847138    9.19198256581643e-05    8.78669310854005e-05
