0    0.999999999999995    0.000105329681904361    1.00000000000001    1.10943418901156e-08    1.36571398227091e-07    2.04464442283811e-10
20.0000000000001    1.00210026171623    0.000104697757265719    1.00420493453173    1.09616203765166e-08    8.16170211889097e-08    2.12459986884634e-10
39.9999999999999    1.00418796053813    0.000104073369861743    1.00839346008975    1.08312663144248e-08    1.01064592348416e-07    2.13814447815345e-10
59.9999999999987    1.00626324586456    0.000103456385642161    1.01256571997788    1.07032237301835e-08    0    2.09811576989562e-10
79.9999999999976    1.0083262644451    0.000102846673716797    1.01672185556982    1.05774382946537e-08    8.68879540986613e-08    2.10590743769564e-10
99.9999999999965    1.01037716044239    0.000102244106262965    1.0208620063436    1.04538572655556e-08    0    2.07623915873361e-10
119.999999999995    1.01241607549249    0.000101648558435991    1.02498630991561    1.03324294321597e-08    8.81564584836307e-08    2.11120345127625e-10
139.999999999998    1.01444314876369    0.000101059908283206    1.02909490207359    1.02131050622498e-08    7.30004829997771e-08    1.99297663442328e-10
160.000000000002    1.01645851701341    0.000100478036660639    1.03318791680911    1.00958358512173e-08    2.98023223876953e-08    2.01468986839109e-10
180.000000000007    1.01846231464363    9.99028271525489e-05    1.03726548634926    9.98057487311193e-09    4.2146848510894e-08    1.99670857071909e-10
200.000000000011    1.0204546737546    9.9334165993745e-05    1.04132774118762    9.86727653371417e-09    1.16381789384881e-07    2.03169798266428e-10
220.000000000016    1.02243572419721    9.87719419947284e-05    1.04537481011469    9.75589652544885e-09    1.30757158806803e-07    1.97094028135596e-10
240.00000000002    1.02440559362367    9.82160464691637e-05    1.04940682024748    9.64639178407118e-09    7.45058059692383e-08    1.95585773020758e-10
260.000000000025    1.02636440753692    9.76663731637318e-05    1.05342389705862    9.53872044699657e-09    1.06415576168043e-07    1.98144645636002e-10
280.000000000029    1.0283122893386    9.71228181905142e-05    1.05742616440479    9.43284181330475e-09    8.56006539842193e-08    1.92542412713152e-10
300.000000000034    1.03024936037567    9.65852799614985e-05    1.06141374455449    9.32871630527928e-09    1.13483862666248e-07    1.95556166048406e-10
320.000000000038    1.03217573998586    9.60536591254259e-05    1.06538675821536    9.22630543142263e-09    6.14390615465888e-08    1.97772754557301e-10
340.000000000043    1.03409154554167    9.55278585061881e-05    1.06934532456076    9.12557175081904e-09    0    2.01858655931229e-10
360.000000000048    1.03599689249336    9.50077830440201e-05    1.0732895612559    9.02647883897496e-09    6.66400187462506e-08    1.88025794455219e-10
380.000000000052    1.03789189441069    9.44933397381713e-05    1.07721958448342    8.92899125491259e-09    0    1.97822937951805e-10
400.000000000057    1.03977666302352    9.39844375912224e-05    1.08113550896831    8.83307450937912e-09    0    2.01842263982204e-10
420.000000000061    1.04165130826133    9.3480987555522e-05    1.08503744800254    8.73869503439392e-09    7.14634585874188e-08    1.95598460351309e-10
440.000000000066    1.04351593829175    9.29829024813102e-05    1.0889255134689    8.6458201538848e-09    0    1.89624737910643e-10
460.00000000007    1.04537065955791    9.24900970663368e-05    1.09279981586455    8.55441805537873e-09    9.65705618025044e-08    1.95767546188859e-10
480.000000000075    1.04721557681504    9.20024878072317e-05    1.09666046432406    8.46445776275437e-09    0    1.85875441694471e-10
