0    0    1.01193663590909e-08    1.01193663590909e-08
20.0000000000001    -2.59644995314405e-13    1.00384993248099e-08    1.00384993248151e-08
39.9999999999999    -1.70606539565557e-13    9.95875646097823e-09    9.95875646098163e-09
59.9999999999987    1.63173699910918e-13    9.88011557466831e-09    9.88011557466508e-09
79.9999999999976    2.89437752680139e-13    9.80255503915951e-09    9.80255503915384e-09
99.9999999999965    -2.90013396357002e-13    9.72605377626345e-09    9.7260537762691e-09
119.999999999995    -7.67730863624186e-13    9.65059123929999e-09    9.6505912393148e-09
139.999999999998    -1.17069823359068e-12    9.57614739669775e-09    9.57614739672017e-09
160.000000000002    -1.86384777098996e-12    9.50270271619076e-09    9.50270271622618e-09
180.000000000007    -2.85497292329481e-12    9.43023814958926e-09    9.4302381496431e-09
200.000000000011    -3.43441252009672e-12    9.35873511809742e-09    9.35873511816171e-09
220.000000000016    -3.74949398366604e-12    9.28817549815781e-09    9.28817549822746e-09
240.00000000002    -4.24934810028563e-12    9.21854160779959e-09    9.21854160787794e-09
260.000000000025    -4.70743026584338e-12    9.1498161934703e-09    9.14981619355645e-09
280.000000000029    -5.11446708247594e-12    9.0819824173311e-09    9.08198241742399e-09
300.000000000034    -5.30045657856075e-12    9.01502384499722e-09    9.01502384509278e-09
320.000000000038    -6.39261001777193e-12    8.9489244337054e-09    8.94892443381981e-09
340.000000000043    -6.86974736502342e-12    8.88366852089072e-09    8.88366852101278e-09
360.000000000048    -6.70739901521375e-12    8.81924081315785e-09    8.81924081327616e-09
380.000000000052    -7.17663652556366e-12    8.75562637562895e-09    8.75562637575462e-09
400.000000000057    -8.18301466256587e-12    8.69281062165553e-09    8.6928106217978e-09
420.000000000061    -9.31706549849572e-12    8.63077930287857e-09    8.63077930303939e-09
440.000000000066    -1.05986419706025e-11    8.56951849962428e-09    8.56951849980593e-09
460.00000000007    -1.15003085681465e-11    8.50901461162111e-09    8.50901461181683e-09
480.000000000075    -1.17028484595451e-11    8.44925434902732e-09    8.44925434922508e-09
