0.75 1.817727788606822e-17 1.083656119832791e-17 18
1.5 6.578280041977058e-17 1.970591976317709e-16 62
2.25 9.232776353454993e-17 4.322542257064836e-16 98
3 2.600114616803177e-16 1.511194125598234e-15 210
3.75 2.316629031726952e-16 2.94811914561491e-15 350
4.5 1.49349736170042e-32 1.235050245336337e-43 450
5.25 4.788099489863e-33 2.018729798518202e-43 602
6 7.283527155716247e-33 1.920206762240949e-43 762
6.75 1.663005879742658e-32 7.421451459745727e-43 1142
7.5 1.339420085564824e-32 3.999336989346629e-43 1250
8.25 2.663032884292291e-32 3.217471795485015e-43 1458
9 2.246159494269169e-32 5.391739378781007e-43 1814
9.75 2.817639669376447e-32 6.977147499151526e-43 2178
10.5 3.569625587314774e-32 1.697002545105296e-42 2498
11.25 2.885867307021144e-32 7.122630068656819e-43 2622
12 4.213923312283011e-32 1.042209192965796e-42 3191
12.75 3.176511235382599e-32 8.500032952173139e-43 3044
13.5 3.200816725795299e-32 6.698132445310194e-43 2736
14.25 2.679978296816757e-32 6.003094306098076e-43 2276
15 2.419164827893296e-32 5.386445118834552e-43 2016
15.75 1.69301558632035e-32 4.344729324781075e-43 1640
16.5 1.147810811417446e-32 2.481125559739069e-43 1056
17.25 7.63574082487262e-33 2.646554300954308e-43 683
18 4.4500521335006e-33 1.009517972467495e-43 350
18.75 2.665382478505363e-33 5.066387467182078e-44 192
19.5 1.036795051443567e-33 1.282497190347198e-44 44
20.25 9.943380358616366e-34 1.111075287258333e-44 25


0.75 1.843471347496538e-17 1.213362845669166e-17 18
1.5 6.310844711513613e-17 2.15494629232198e-16 62
2.25 8.343939923396947e-17 4.855025683987146e-16 98
3 2.378248548490739e-16 1.70740254544169e-15 210
3.75 2.149837813727413e-16 3.174959287313845e-15 350
4.5 2.344719662269146e-31 3.748206201388637e-30 450
5.25 3.316118070441348e-31 7.480997476932862e-30 602
6 4.119586329752479e-31 1.118300495798859e-29 762
6.75 5.613326337342715e-31 2.085351820156778e-29 1142
7.5 6.256523281537097e-31 2.775845447490156e-29 1250
8.25 7.924252386131822e-31 3.590667437274078e-29 1458
9 9.080761341119451e-31 5.439034667753193e-29 1814
9.75 1.208487295824994e-30 7.675412218456176e-29 2178
10.5 1.514218875844877e-30 1.007511324707634e-28 2498
11.25 1.545013098336634e-30 1.189460680684004e-28 2622
12 2.101659309978498e-30 1.627352489473111e-28 3191
12.75 2.01765285680197e-30 1.81542266030532e-28 3044
13.5 1.826242552244827e-30 1.916639743414427e-28 2736
14.25 1.625916184637138e-30 1.735859036076588e-28 2276
15 1.474475472332359e-30 1.642471278339493e-28 2016
15.75 1.270749119790336e-30 1.501676055030102e-28 1640
16.5 8.419800495382918e-31 1.032701842890937e-28 1056
17.25 5.563900033338187e-31 7.410621249338261e-29 683
18 2.984130116515552e-31 4.433836164209557e-29 350
18.75 1.562887413956962e-31 2.802092137355845e-29 192
19.5 5.109838028202612e-32 6.963666432344474e-30 44
20.25 2.615187962916947e-32 2.559767160751662e-30 25


0.75 1.415160479885418e-17 1.649135477590782e-17 18
1.5 8.465969114775512e-17 1.668221785003509e-16 62
2.25 9.005405219953811e-17 4.452401399133324e-16 98
3 2.297054279455739e-16 1.816250362302772e-15 210
3.75 2.101697318214802e-16 3.249837931208746e-15 350
4.5 4.301746666423506e-31 8.161488438264987e-30 450
5.25 5.601753170739342e-31 1.519131131030436e-29 602
6 7.670641031890089e-31 2.629298318272781e-29 762
6.75 1.150451151573115e-30 4.255678812921766e-29 1142
7.5 1.317769236813448e-30 5.416341265192003e-29 1250
8.25 1.469437568367402e-30 8.012672837788914e-29 1458
9 1.848946498149491e-30 1.072668745389404e-28 1814
9.75 2.288696117868177e-30 1.66011951941984e-28 2178
10.5 2.945662193343575e-30 2.07903816134359e-28 2498
11.25 3.360513006992692e-30 2.328151864392195e-28 2622
12 4.83004477796504e-30 3.261214962490177e-28 3191
12.75 4.094913645779902e-30 3.482847672310598e-28 3044
13.5 3.957204240045229e-30 3.756442680973356e-28 2736
14.25 3.323769667081472e-30 3.287323824962422e-28 2276
15 3.022427163290468e-30 3.361410088760163e-28 2016
15.75 2.645685186626922e-30 2.926820571859624e-28 1640
16.5 1.71441092017729e-30 2.216647179995663e-28 1056
17.25 1.159559250750992e-30 1.416912478353839e-28 683
18 5.414928107639338e-31 9.263361592610866e-29 350
18.75 4.009397015335041e-31 5.334906725494179e-29 192
19.5 8.068611977358019e-32 1.82597270830023e-29 44
20.25 4.432815520074103e-32 6.885812522058822e-30 25


0.75 1.410626126708094e-17 1.484591870658072e-17 18
1.5 6.843045439491992e-17 1.978403281981875e-16 62
2.25 8.931924278051579e-17 4.494774287389044e-16 98
3 2.044180768903166e-16 2.042689510398578e-15 210
3.75 2.088831039469039e-16 3.230775030083165e-15 350
4.5 6.430094880877494e-31 1.16076712807167e-29 450
5.25 8.824572960445161e-31 2.135610775428123e-29 602
6 1.492149515371965e-30 3.352688359558228e-29 762
6.75 1.567574716235e-30 6.00497453314563e-29 1142
7.5 1.915586318040907e-30 8.456738321657289e-29 1250
8.25 2.246436235864252e-30 1.136144847499396e-28 1458
9 2.950856129534583e-30 1.640722270028362e-28 1814
9.75 3.621584428329144e-30 2.2964810841881e-28 2178
10.5 4.726382008418647e-30 3.035353293046508e-28 2498
11.25 4.597950135961339e-30 3.758190807676884e-28 2622
12 7.19344956588438e-30 5.074981894305484e-28 3191
12.75 6.143234961423193e-30 5.130940759903366e-28 3044
13.5 5.813013216040293e-30 5.398397530791115e-28 2736
14.25 4.818631890647667e-30 5.362886142673777e-28 2276
15 4.599018063547622e-30 5.027230221134021e-28 2016
15.75 3.710723656281154e-30 4.740263997686221e-28 1640
16.5 2.450475691548519e-30 3.073339273251127e-28 1056
17.25 1.516549282421619e-30 2.32484380645988e-28 683
18 8.073633033054114e-31 1.354771059014531e-28 350
18.75 5.260601838312642e-31 9.543596516602448e-29 192
19.5 9.561961936622344e-32 2.0858891203284e-29 44
20.25 7.734573418288452e-32 1.204126456368474e-29 25


0.75 1.743945380032966e-17 1.119541052301103e-17 18
1.5 6.23609432085359e-17 2.1204799669736e-16 62
2.25 6.851408567376066e-17 5.635228971676775e-16 98
3 2.100304313174912e-16 1.977588338728789e-15 210
3.75 2.112748585522866e-16 3.235749774796168e-15 350
4.5 8.015311773792931e-31 1.455495390023494e-29 450
5.25 1.190157034127036e-30 3.034601181344321e-29 602
6 1.455356478427311e-30 5.209794407301316e-29 762
6.75 2.013578340292905e-30 8.00065703068861e-29 1142
7.5 2.544884371886439e-30 1.123092393243977e-28 1250
8.25 2.974301121751928e-30 1.562121650199917e-28 1458
9 3.84712168973345e-30 2.235005977988648e-28 1814
9.75 4.771345918983e-30 3.02601796378698e-28 2178
10.5 5.825660853274778e-30 4.036889080650085e-28 2498
11.25 6.565215080160042e-30 4.842043949708751e-28 2622
12 9.204425901139679e-30 7.029293933877834e-28 3191
12.75 8.077174478125736e-30 7.03154905796299e-28 3044
13.5 7.544351994515353e-30 7.374336621482863e-28 2736
14.25 6.733940957948906e-30 6.871155555424498e-28 2276
15 6.187934396232175e-30 6.531485562313036e-28 2016
15.75 4.944880526631175e-30 6.277114417491407e-28 1640
16.5 3.46477096151928e-30 4.281249028787511e-28 1056
17.25 2.26658551095614e-30 2.884361273400113e-28 683
18 1.084957427307294e-30 1.809490336411983e-28 350
18.75 7.301902643399852e-31 1.175034113592017e-28 192
19.5 1.665502727257548e-31 2.335947280642948e-29 44
20.25 9.478990038230427e-32 1.54550273378792e-29 25


0.75 1.711874535291125e-17 1.325641164626455e-17 18
1.5 6.959539069912646e-17 1.94317489435603e-16 62
2.25 8.290468400276316e-17 4.769886703845187e-16 98
3 2.491477755100711e-16 1.642997563379998e-15 210
3.75 2.196544325302441e-16 3.066091475396897e-15 350
4.5 9.582206149738827e-31 1.90846830416646e-29 450
5.25 1.522349347601373e-30 3.617753741768186e-29 602
6 1.928737746438229e-30 5.715484994187942e-29 762
6.75 2.722531456152551e-30 1.000886164376041e-28 1142
7.5 3.214533624628798e-30 1.40725294884424e-28 1250
8.25 3.970521870733921e-30 1.83954163265307e-28 1458
9 4.695854845099599e-30 2.862619156791135e-28 1814
9.75 6.268544605613131e-30 3.684189440104035e-28 2178
10.5 7.158366803123132e-30 4.979706632274118e-28 2498
11.25 8.279474619594868e-30 6.129646403655255e-28 2622
12 1.076360228298884e-29 8.905761138527195e-28 3191
12.75 9.772327842739227e-30 8.938640836969645e-28 3044
13.5 9.062391135826758e-30 9.278305180511704e-28 2736
14.25 8.287241956813302e-30 8.79259321418985e-28 2276
15 7.491071177111708e-30 8.556667438296238e-28 2016
15.75 6.460997968943994e-30 7.550795221677465e-28 1640
16.5 4.299457570195094e-30 5.339946097384733e-28 1056
17.25 2.741724604520192e-30 3.695947106963457e-28 683
18 1.375736291753607e-30 2.131740501014146e-28 350
18.75 9.03964393542055e-31 1.392712832007801e-28 192
19.5 1.838893647493915e-31 3.928329591694459e-29 44
20.25 1.304397839408423e-31 1.757592159460353e-29 25


0.75 1.480029557965181e-17 1.608194147163837e-17 18
1.5 8.184045420272184e-17 1.736950630358663e-16 62
2.25 8.339174550902145e-17 4.851587357622592e-16 98
3 2.232891851384383e-16 1.852399547068161e-15 210
3.75 2.31414992300301e-16 2.966574621086815e-15 350
4.5 1.220094145642029e-30 2.103521299612508e-29 450
5.25 1.969422948198012e-30 4.084053169305461e-29 602
6 2.107892830521871e-30 7.260851930635951e-29 762
6.75 3.312076898824324e-30 1.209110053593873e-28 1142
7.5 4.098397599111067e-30 1.688287705235649e-28 1250
8.25 4.394122432616664e-30 2.367164223688685e-28 1458
9 5.805776504996458e-30 3.382610109536262e-28 1814
9.75 7.241235562929932e-30 4.507286126522525e-28 2178
10.5 8.907128664314096e-30 6.02210347898114e-28 2498
11.25 9.752250072357532e-30 7.468564448382581e-28 2622
12 1.250795190363302e-29 1.044064399956383e-27 3191
12.75 1.161149143980901e-29 1.090837171379038e-27 3044
13.5 1.104144299556867e-29 1.108014050810903e-27 2736
14.25 9.914222850005433e-30 1.058691011744794e-27 2276
15 9.035109101438378e-30 1.033471801826981e-27 2016
15.75 7.561736001029573e-30 9.250679307852018e-28 1640
16.5 5.31025193056044e-30 6.46717485909848e-28 1056
17.25 3.34232357699416e-30 4.554049062353323e-28 683
18 1.824170503059213e-30 2.401095140580973e-28 350
18.75 1.071795303140684e-30 1.692912672536474e-28 192
19.5 2.156068324744147e-31 4.515187667256685e-29 44
20.25 1.084004163138328e-31 2.744662679880531e-29 25


0.75 1.557668412367762e-17 1.353499533737657e-17 18
1.5 6.637888598930695e-17 2.067999413033208e-16 62
2.25 8.917175264531908e-17 4.523036370563009e-16 98
3 2.057856946776849e-16 2.000397935189409e-15 210
3.75 2.211787203192908e-16 3.04948626339436e-15 350
4.5 1.395037217310899e-30 2.533182300509897e-29 450
5.25 2.102947500039282e-30 5.32276817004754e-29 602
6 2.920549533909621e-30 7.653115548220098e-29 762
6.75 3.617095804482699e-30 1.526931938031328e-28 1142
7.5 4.46996182680161e-30 2.007726299241614e-28 1250
8.25 5.396913667911589e-30 2.635193783853156e-28 1458
9 6.475476333560088e-30 4.029469792118505e-28 1814
9.75 8.350515639601029e-30 5.407004236595016e-28 2178
10.5 1.008330479007703e-29 7.235978193786838e-28 2498
11.25 1.116939718087785e-29 8.747055965195814e-28 2622
12 1.497264980153767e-29 1.167455530839781e-27 3191
12.75 1.314928426399264e-29 1.293787303021179e-27 3044
13.5 1.243943097118421e-29 1.293235551308071e-27 2736
14.25 1.128681428254418e-29 1.251936141869531e-27 2276
15 1.052982043018594e-29 1.208496366496162e-27 2016
15.75 8.81339174959418e-30 1.016012604880769e-27 1640
16.5 6.179769348849008e-30 7.798389373480294e-28 1056
17.25 3.927969685748089e-30 5.366547995030316e-28 683
18 1.76095102678447e-30 2.922753388454902e-28 350
18.75 1.147988526625502e-30 2.126962766816689e-28 192
19.5 3.207718051339545e-31 5.800338125020356e-29 44
20.25 1.616110151049621e-31 3.108632382917219e-29 25


0.75 1.680277104859514e-17 1.161264250259656e-17 18
1.5 6.509928947494437e-17 1.985899578777032e-16 62
2.25 9.572741862065265e-17 4.140493200662263e-16 98
3 2.189547680027344e-16 1.912865268962047e-15 210
3.75 2.374990771645647e-16 2.878244258523573e-15 350
4.5 1.533320339236742e-30 3.240173209491222e-29 450
5.25 2.168940371383357e-30 6.537905419776734e-29 602
6 3.089390511577207e-30 9.099884882679424e-29 762
6.75 4.144944530295675e-30 1.756938131707198e-28 1142
7.5 5.032776946792128e-30 2.237599546329609e-28 1250
8.25 5.69996738707395e-30 3.147255671906499e-28 1458
9 7.739246489945936e-30 4.399274243714611e-28 1814
9.75 9.61319425885748e-30 6.15697807012592e-28 2178
10.5 1.180888517529435e-29 8.018025268867841e-28 2498
11.25 1.256284732959677e-29 1.041627044067353e-27 2622
12 1.666156411345338e-29 1.333495492834527e-27 3191
12.75 1.540466158054192e-29 1.461782259739558e-27 3044
13.5 1.445535314916124e-29 1.459959776704851e-27 2736
14.25 1.335759479626569e-29 1.409382557912023e-27 2276
15 1.191929608715829e-29 1.42385026141213e-27 2016
15.75 1.028856993737708e-29 1.176490430340656e-27 1640
16.5 6.657722108228841e-30 8.790367594093024e-28 1056
17.25 4.336726209813105e-30 6.414170545007875e-28 683
18 2.105348775493833e-30 3.576675312677653e-28 350
18.75 1.451027878567761e-30 2.127181167859454e-28 192
19.5 3.435221423286897e-31 6.855151597050368e-29 44
20.25 2.331192755280411e-31 2.711895426704912e-29 25


0.75 1.550851981729809e-17 1.463080695217691e-17 18
1.5 6.888016438008344e-17 1.988160719901405e-16 62
2.25 8.376647982359366e-17 4.782307123836361e-16 98
3 2.261687560462709e-16 1.817297855056087e-15 210
3.75 2.237308429869016e-16 3.030856544583169e-15 350
4.5 1.896652551251442e-30 3.371850786773598e-29 450
5.25 2.598449404556957e-30 6.856284913985804e-29 602
6 3.539260642831338e-30 1.057907458343892e-28 762
6.75 4.892104520135026e-30 1.956804348989349e-28 1142
7.5 5.727036398539874e-30 2.496825537563197e-28 1250
8.25 6.194637650521213e-30 3.568793501483116e-28 1458
9 8.95923195132173e-30 5.084957210585063e-28 1814
9.75 1.04385185066991e-29 7.037512526932441e-28 2178
10.5 1.304647031740172e-29 9.125708756896799e-28 2498
11.25 1.387244822640235e-29 1.177519015724068e-27 2622
12 1.874849024866279e-29 1.484752044178319e-27 3191
12.75 1.724202229178878e-29 1.666000972753298e-27 3044
13.5 1.644533151127184e-29 1.636164585392813e-27 2736
14.25 1.548878884463629e-29 1.586962593514561e-27 2276
15 1.391637790023818e-29 1.517176835488521e-27 2016
15.75 1.205051434775517e-29 1.28001378764388e-27 1640
16.5 7.557276909043998e-30 9.82679452933873e-28 1056
17.25 5.229259258417908e-30 6.672917183912898e-28 683
18 2.779829765612999e-30 3.49049395742959e-28 350
18.75 1.700259239953513e-30 2.430302995588878e-28 192
19.5 4.453572946719222e-31 5.640429666730416e-29 44
20.25 2.709360465630218e-31 3.510517589435783e-29 25


0.75 1.542059396286197e-17 1.55339430978409e-17 18
1.5 8.021011871689878e-17 1.80349952294104e-16 62
2.25 9.277844016016456e-17 4.311100989102762e-16 98
3 2.235661065870141e-16 1.820002083716323e-15 210
3.75 2.300748292196128e-16 2.948512678399989e-15 350
4.5 2.039180994255274e-30 4.199222591842005e-29 450
5.25 3.118677908969577e-30 7.399996874028923e-29 602
6 3.810179792326103e-30 1.275603474187908e-28 762
6.75 5.408705934491463e-30 2.117838274703886e-28 1142
7.5 5.988978909057793e-30 2.850848593234939e-28 1250
8.25 7.007827456817174e-30 3.84381424653182e-28 1458
9 9.946366241911519e-30 5.578837693874142e-28 1814
9.75 1.224208275231224e-29 7.585115553412897e-28 2178
10.5 1.474413045293339e-29 1.007725634058808e-27 2498
11.25 1.638434771681881e-29 1.227585896069631e-27 2622
12 1.986193543626541e-29 1.72700587144988e-27 3191
12.75 1.948737882133013e-29 1.759655334623e-27 3044
13.5 1.866896330795447e-29 1.796585156071724e-27 2736
14.25 1.648111122963304e-29 1.846654449518952e-27 2276
15 1.48023080754639e-29 1.762155465906207e-27 2016
15.75 1.315779534206105e-29 1.429772752199848e-27 1640
16.5 8.841962612699356e-30 1.057357822541808e-27 1056
17.25 5.556712249437688e-30 7.560723714307255e-28 683
18 2.837584732442437e-30 4.144008344880403e-28 350
18.75 1.751961467819319e-30 2.895624686762631e-28 192
19.5 4.550097775499424e-31 8.280007064441594e-29 44
20.25 2.594963412368395e-31 4.950966997555096e-29 25


0.75 1.721420277025961e-17 1.207216574082034e-17 18
1.5 6.88277741929608e-17 1.935856637622011e-16 62
2.25 9.462532388233721e-17 4.194263354771087e-16 98
3 2.465982956470267e-16 1.625989367543309e-15 210
3.75 2.448175071645164e-16 2.760825454657138e-15 350
4.5 2.102211216224897e-30 4.673820149154597e-29 450
5.25 3.296561083219758e-30 7.907570799294019e-29 602
6 4.299097811981367e-30 1.273908275332094e-28 762
6.75 6.081074626314882e-30 2.226048693847332e-28 1142
7.5 6.389595037629861e-30 3.117674458369179e-28 1250
8.25 8.335916981371727e-30 4.125066366781772e-28 1458
9 1.096276430820022e-29 6.236015333566491e-28 1814
9.75 1.339917228377106e-29 8.559894549164597e-28 2178
10.5 1.650839394235825e-29 1.13298164715491e-27 2498
11.25 1.785073767736177e-29 1.364896839724056e-27 2622
12 2.175697381894178e-29 1.900042775395105e-27 3191
12.75 2.110820145967262e-29 1.959570820332949e-27 3044
13.5 1.996893071894575e-29 2.065097518507037e-27 2736
14.25 1.862437722867867e-29 1.990450595319194e-27 2276
15 1.674666895925026e-29 1.883645034707712e-27 2016
15.75 1.352738518600538e-29 1.674001834023808e-27 1640
16.5 9.631496460305745e-30 1.185547887284658e-27 1056
17.25 6.193322657858815e-30 8.175171983528687e-28 683
18 3.353825959558692e-30 4.400006207105152e-28 350
18.75 2.020049767019687e-30 3.053136317331179e-28 192
19.5 7.328677059899734e-31 6.253697521825993e-29 44
20.25 3.252568381807033e-31 5.213009198138981e-29 25


0.75 1.610584877566058e-17 1.225689217714699e-17 18
1.5 6.417620365132019e-17 2.056846677468838e-16 62
2.25 8.052429393212333e-17 4.937263437369838e-16 98
3 2.066213507607572e-16 1.989370969132391e-15 210
3.75 2.253312711250922e-16 2.982726074510463e-15 350
4.5 2.295535234181326e-30 4.945884996030957e-29 450
5.25 3.93578548781105e-30 7.883713881594782e-29 602
6 4.603518604067895e-30 1.38201184206743e-28 762
6.75 6.57735672456839e-30 2.515150657429123e-28 1142
7.5 7.328117482857589e-30 3.256660055457017e-28 1250
8.25 9.006150229510566e-30 4.503062286608828e-28 1458
9 1.175154729427931e-29 7.147123476847292e-28 1814
9.75 1.433646782509088e-29 9.527546103652588e-28 2178
10.5 1.7595829410532e-29 1.221348904900697e-27 2498
11.25 1.940424847412958e-29 1.465162633753412e-27 2622
12 2.429573434561782e-29 2.052952899856643e-27 3191
12.75 2.376025648457255e-29 2.12961799541183e-27 3044
13.5 2.185569522209618e-29 2.28764141762661e-27 2736
14.25 1.990441724706413e-29 2.142985812061993e-27 2276
15 1.810409281432445e-29 2.070137044553594e-27 2016
15.75 1.506395153625716e-29 1.825119041780938e-27 1640
16.5 1.058371265514434e-29 1.243001456259387e-27 1056
17.25 7.136594936379609e-30 8.554955815674074e-28 683
18 3.726237055907004e-30 4.717282597562437e-28 350
18.75 2.068179082651651e-30 3.330936571924599e-28 192
19.5 6.664243192530998e-31 7.306781637845579e-29 44
20.25 3.089955950914851e-31 5.445295139467343e-29 25


0.75 1.387014957384768e-17 1.603741994336117e-17 18
1.5 6.579494537952085e-17 2.059866821764406e-16 62
2.25 7.573628559599133e-17 5.201544141014427e-16 98
3 2.09676629300728e-16 1.962647062412615e-15 210
3.75 2.465627418244636e-16 2.752368730627676e-15 350
4.5 2.660078056681411e-30 5.242183743863857e-29 450
5.25 3.976950502279959e-30 8.834460694593592e-29 602
6 4.810704434094447e-30 1.613304989637359e-28 762
6.75 7.226885453350803e-30 2.665656049131718e-28 1142
7.5 8.190254988274826e-30 3.430801717959773e-28 1250
8.25 9.720576728649671e-30 5.070666966881186e-28 1458
9 1.274301405012804e-29 8.016335114017185e-28 1814
9.75 1.59426779711919e-29 9.989710536835813e-28 2178
10.5 1.893649599797305e-29 1.328976393552379e-27 2498
11.25 2.112521055196649e-29 1.595877559999995e-27 2622
12 2.68970026358467e-29 2.207471269012447e-27 3191
12.75 2.609853679691759e-29 2.293059588347465e-27 3044
13.5 2.407448014354087e-29 2.470687678647334e-27 2736
14.25 2.135325031807967e-29 2.305697678108619e-27 2276
15 1.831588121772845e-29 2.405800918397171e-27 2016
15.75 1.577769626844781e-29 2.03833989243471e-27 1640
16.5 1.148443304986468e-29 1.351287856405341e-27 1056
17.25 7.180788136993796e-30 1.020611164932506e-27 683
18 4.152165831681932e-30 5.404789423323282e-28 350
18.75 2.265288373976451e-30 3.377017595497993e-28 192
19.5 7.093528950062961e-31 8.634461923810025e-29 44
20.25 4.985123268493497e-31 4.276245820311654e-29 25


0.75 1.619289164239109e-17 1.467414021817202e-17 18
1.5 8.58778305414891e-17 1.604407630017305e-16 62
2.25 8.148411295625012e-17 4.831599084487677e-16 98
3 2.146077168931349e-16 1.948495372846256e-15 210
3.75 2.219860235922462e-16 3.033809066885963e-15 350
4.5 2.707765707326265e-30 6.000817407096286e-29 450
5.25 3.927744274636359e-30 9.979179566784413e-29 602
6 5.102660731489868e-30 1.533192912448251e-28 762
6.75 7.438964485112089e-30 2.962386059802044e-28 1142
7.5 8.484083852089274e-30 3.794858542045364e-28 1250
8.25 1.036238663475848e-29 5.549072964387638e-28 1458
9 1.288251345514221e-29 9.100818162222189e-28 1814
9.75 1.710580279219034e-29 1.069672646523631e-27 2178
10.5 2.025830910818179e-29 1.443740135519868e-27 2498
11.25 2.16399714437035e-29 1.788849776634014e-27 2622
12 2.984673032690943e-29 2.354170225289534e-27 3191
12.75 2.707014636333056e-29 2.586816019801578e-27 3044
13.5 2.639861628709692e-29 2.579741997121223e-27 2736
14.25 2.326422070148772e-29 2.438305583132923e-27 2276
15 2.101720465765587e-29 2.397245116780973e-27 2016
15.75 1.790665968966621e-29 2.105936521484554e-27 1640
16.5 1.202643380157955e-29 1.486793690624126e-27 1056
17.25 7.935693738113855e-30 1.052509765617667e-27 683
18 4.464305084140499e-30 5.820114954571881e-28 350
18.75 2.542766773858737e-30 3.080938110658478e-28 192
19.5 8.29952650938565e-31 8.093726936086299e-29 44
20.25 5.478463621698758e-31 5.552260239650139e-29 25


0.75 1.872790202858874e-17 1.07192837669149e-17 18
1.5 6.467957295890214e-17 2.113317456598307e-16 62
2.25 8.266389106037397e-17 4.900144372490702e-16 98
3 2.280502197685881e-16 1.79228998797324e-15 210
3.75 2.217707799566572e-16 3.091362209422294e-15 350
4.5 3.143040363154201e-30 5.762618347722348e-29 450
5.25 4.230619908091452e-30 1.076380511860256e-28 602
6 5.633744894857491e-30 1.630971112492701e-28 762
6.75 8.347834201899128e-30 2.997975089470993e-28 1142
7.5 9.036462103022997e-30 4.043458207290548e-28 1250
8.25 1.101826149344404e-29 5.965191668069935e-28 1458
9 1.394908849286625e-29 9.523369320967704e-28 1814
9.75 1.837352631591206e-29 1.156666345089753e-27 2178
10.5 2.187049294426087e-29 1.583376357739497e-27 2498
11.25 2.370913610352389e-29 1.854046138316246e-27 2622
12 3.143709387924036e-29 2.594508340021621e-27 3191
12.75 3.026100315266449e-29 2.694147032624592e-27 3044
13.5 2.871891847150133e-29 2.712297513079709e-27 2736
14.25 2.613120959299443e-29 2.515627503662048e-27 2276
15 2.221308318921082e-29 2.603796114566812e-27 2016
15.75 1.904092633091955e-29 2.274191721188218e-27 1640
16.5 1.211137901318899e-29 1.658324412165122e-27 1056
17.25 9.234489573375224e-30 1.064701176299132e-27 683
18 4.29879490889124e-30 6.679570747727894e-28 350
18.75 2.407363074794404e-30 3.358093089268353e-28 192
19.5 7.821644184213187e-31 9.943681376600409e-29 44
20.25 4.905275518620419e-31 7.354911512013842e-29 25


0.75 1.517690784023292e-17 1.328075236906318e-17 18
1.5 6.315186087377902e-17 2.030016380132419e-16 62
2.25 9.14599682994559e-17 4.347966407216611e-16 98
3 2.042369577212687e-16 2.002381769118213e-15 210
3.75 2.318611897997948e-16 2.926866795505316e-15 350
4.5 3.009822022407909e-30 6.63080485304831e-29 450
5.25 4.447797254946376e-30 1.160289849672515e-28 602
6 5.878679669832472e-30 1.780714842377724e-28 762
6.75 8.384743551141662e-30 3.298163530851587e-28 1142
7.5 9.394338701445899e-30 4.413139488393376e-28 1250
8.25 1.181428564497251e-29 6.246789120568288e-28 1458
9 1.612631133396876e-29 9.426538431919121e-28 1814
9.75 1.88957944680149e-29 1.283089800480803e-27 2178
10.5 2.428645240532786e-29 1.649566669727532e-27 2498
11.25 2.556102033736493e-29 1.941617169591561e-27 2622
12 3.377798917665513e-29 2.742118434533313e-27 3191
12.75 3.219397569245222e-29 2.810102881408395e-27 3044
13.5 3.019957533577109e-29 3.007833385261733e-27 2736
14.25 2.696049878684474e-29 2.760718651082688e-27 2276
15 2.479488754677918e-29 2.721731568148987e-27 2016
15.75 1.988651500186476e-29 2.43781016534729e-27 1640
16.5 1.381825736036309e-29 1.657661973935719e-27 1056
17.25 9.416451452039026e-30 1.21008683594305e-27 683
18 5.203716648980555e-30 6.366513106684845e-28 350
18.75 2.845945347612122e-30 3.440086775169645e-28 192
19.5 7.4029644001144e-31 1.057287031985907e-28 44
20.25 4.182852684883428e-31 7.063717755452201e-29 25


0.75 1.252073168146865e-17 1.717007168492155e-17 18
1.5 7.279553764258328e-17 1.86470540626586e-16 62
2.25 8.827760070974783e-17 4.504767656040532e-16 98
3 2.253350486593584e-16 1.832299278956918e-15 210
3.75 2.306686351451633e-16 2.944024462520014e-15 350
4.5 3.233472925628462e-30 7.081826037175903e-29 450
5.25 4.730083399325931e-30 1.197141147187597e-28 602
6 6.181990424471226e-30 1.864440613610764e-28 762
6.75 8.977508881049058e-30 3.474868766985847e-28 1142
7.5 1.051242134424691e-29 4.424909240751089e-28 1250
8.25 1.260886914609987e-29 6.534866367629313e-28 1458
9 1.784191091294901e-29 9.618784124570747e-28 1814
9.75 2.062121866313133e-29 1.349381153533984e-27 2178
10.5 2.527916106972985e-29 1.810311038195661e-27 2498
11.25 2.673595827862176e-29 2.109412044493915e-27 2622
12 3.553890243182934e-29 2.939678123181553e-27 3191
12.75 3.265544433605193e-29 3.103384222900177e-27 3044
13.5 3.151525721549529e-29 3.183419646829442e-27 2736
14.25 2.838348461662678e-29 3.014157147877117e-27 2276
15 2.585608943574244e-29 2.935625833580828e-27 2016
15.75 2.111380727663731e-29 2.551722371661209e-27 1640
16.5 1.448805922148828e-29 1.887500791892447e-27 1056
17.25 1.004553701352694e-29 1.31296690546835e-27 683
18 5.51595058034802e-30 7.195840896142435e-28 350
18.75 2.888124182076027e-30 3.988831617725951e-28 192
19.5 6.591842751145374e-31 1.263467701909972e-28 44
20.25 2.779825258070635e-31 9.997559079579599e-29 25


0.75 1.724981156197683e-17 1.339973911349272e-17 18
1.5 7.405157066926235e-17 1.959776427178851e-16 62
2.25 8.447598147960177e-17 4.776573214870261e-16 98
3 2.063412406892279e-16 1.988856941212261e-15 210
3.75 2.536870665107323e-16 2.642878981652271e-15 350
4.5 4.099006825132444e-30 6.314997821319243e-29 450
5.25 4.796962290788716e-30 1.255344890650323e-28 602
6 6.605653925225091e-30 1.940620136283389e-28 762
6.75 9.409223499940823e-30 3.664284704372618e-28 1142
7.5 1.068218625866413e-29 4.993326874544551e-28 1250
8.25 1.371607211242233e-29 6.763774186496685e-28 1458
9 1.863547726155369e-29 9.858586753988582e-28 1814
9.75 2.17161294488722e-29 1.411197715391093e-27 2178
10.5 2.680077824909905e-29 1.829518280057693e-27 2498
11.25 2.897617865156944e-29 2.193764640297258e-27 2622
12 3.695672599583837e-29 3.146310249059706e-27 3191
12.75 3.500122229538764e-29 3.210927590518913e-27 3044
13.5 3.475261383924455e-29 3.250985714542484e-27 2736
14.25 2.944522804004184e-29 3.237299787147804e-27 2276
15 2.764513230391547e-29 3.124553574190499e-27 2016
15.75 2.256543062403745e-29 2.664423857887878e-27 1640
16.5 1.634248796145027e-29 1.915701035879241e-27 1056
17.25 1.016177000087038e-29 1.448151841040339e-27 683
18 5.371199304401542e-30 7.784135193704966e-28 350
18.75 3.179511120493225e-30 4.382784936511467e-28 192
19.5 9.340530420292855e-31 1.085844666408068e-28 44
20.25 4.952541856209298e-31 7.502646562902646e-29 25


0.75 1.977766127334893e-17 9.822395317554318e-18 18
1.5 7.579956641774629e-17 1.761668631044737e-16 62
2.25 9.985989459782836e-17 3.840515313190576e-16 98
3 2.326617626669581e-16 1.732653078663271e-15 210
3.75 2.485251696479317e-16 2.666005475794439e-15 350
4.5 3.595086322405884e-30 7.877686441873753e-29 450
5.25 5.190785503586063e-30 1.295591762335624e-28 602
6 6.424409120242454e-30 2.155225733202859e-28 762
6.75 1.004380046888276e-29 3.937606691267473e-28 1142
7.5 1.155988442269583e-29 5.209949975720502e-28 1250
8.25 1.445541007833979e-29 7.181137886296283e-28 1458
9 1.960815099551412e-29 1.00825851249408e-27 1814
9.75 2.215653811308129e-29 1.555318795316692e-27 2178
10.5 2.71427808539923e-29 2.003645569907276e-27 2498
11.25 3.013600019859483e-29 2.34839961102969e-27 2622
12 4.015031775257795e-29 3.252029716041352e-27 3191
12.75 3.820495916214609e-29 3.294380486618183e-27 3044
13.5 3.587126488150387e-29 3.495918282878547e-27 2736
14.25 3.107812256725466e-29 3.48830364101121e-27 2276
15 2.854133452304859e-29 3.252815173558042e-27 2016
15.75 2.418923496991226e-29 2.74369591966443e-27 1640
16.5 1.567993073061734e-29 2.264274538425362e-27 1056
17.25 1.121046237535317e-29 1.469207824459096e-27 683
18 5.571877441173863e-30 8.274869136274656e-28 350
18.75 3.167906095281402e-30 5.38072584488039e-28 192
19.5 7.276527203518434e-31 1.413009341069243e-28 44
20.25 3.772858846924008e-31 8.888569294707027e-29 25


0.75 1.395425230725015e-17 1.47058011921085e-17 18
1.5 6.004767888276991e-17 2.147293133511955e-16 62
2.25 8.931675926641272e-17 4.528464035311894e-16 98
3 2.491046214803148e-16 1.604211417754516e-15 210
3.75 2.464531920674563e-16 2.735212431151948e-15 350
4.5 4.179088105075648e-30 7.576616486034347e-29 450
5.25 5.654181699898451e-30 1.298890999481225e-28 602
6 7.414065250094445e-30 2.080261760320827e-28 762
6.75 1.101000168997865e-29 4.098811681953955e-28 1142
7.5 1.165892170551722e-29 5.791953163668502e-28 1250
8.25 1.486054341885081e-29 7.475792321212982e-28 1458
9 2.023260016150278e-29 1.119876011032999e-27 1814
9.75 2.418332853586159e-29 1.584955367251335e-27 2178
10.5 2.85612846265899e-29 2.163644200416859e-27 2498
11.25 3.239509740234868e-29 2.385556512984641e-27 2622
12 4.23877534778672e-29 3.415189289578442e-27 3191
12.75 3.935670985384266e-29 3.583191488870528e-27 3044
13.5 3.806733149361296e-29 3.610870470077689e-27 2736
14.25 3.45746184243256e-29 3.457439674357805e-27 2276
15 2.930434211855923e-29 3.540949826609008e-27 2016
15.75 2.5386916228787e-29 2.929894237446186e-27 1640
16.5 1.774714243170802e-29 2.163917762601134e-27 1056
17.25 1.227497007385657e-29 1.502167928432837e-27 683
18 6.499911595473425e-30 8.117266902254086e-28 350
18.75 3.44724210794866e-30 5.779967635680848e-28 192
19.5 9.399322707843078e-31 1.433595884566407e-28 44
20.25 6.295954269853926e-31 5.103522628862175e-29 25


0.75 1.181233871534262e-17 1.765695442566529e-17 18
1.5 6.560387685719241e-17 2.050896570148719e-16 62
2.25 8.196188472995877e-17 4.823135504939098e-16 98
3 2.125838054671033e-16 1.913137275808473e-15 210
3.75 2.151421046777464e-16 3.111446438516809e-15 350
4.5 4.646057833660195e-30 7.833130930993439e-29 450
5.25 5.420270652464945e-30 1.417864799889048e-28 602
6 7.297133137517479e-30 2.384638200092962e-28 762
6.75 1.148601771321869e-29 4.430112287041203e-28 1142
7.5 1.261990969301568e-29 5.888090546057729e-28 1250
8.25 1.520781052293411e-29 8.156588118486666e-28 1458
9 2.120419548475314e-29 1.179181943008554e-27 1814
9.75 2.586002253476655e-29 1.652375175330089e-27 2178
10.5 3.248308478670925e-29 2.135389035948513e-27 2498
11.25 3.27963533063605e-29 2.600145035833799e-27 2622
12 4.289027523354901e-29 3.696262091190035e-27 3191
12.75 4.013186534573414e-29 3.828451269105197e-27 3044
13.5 3.810982224717849e-29 3.942552417628432e-27 2736
14.25 3.548562043183352e-29 3.588382113149119e-27 2276
15 3.070189009439214e-29 3.722797357386087e-27 2016
15.75 2.639072434735919e-29 3.137691552862896e-27 1640
16.5 1.833052666696651e-29 2.308687980912381e-27 1056
17.25 1.18920183596429e-29 1.765105893542706e-27 683
18 6.593048970955389e-30 8.672737657827691e-28 350
18.75 3.533226547523711e-30 6.078138441961035e-28 192
19.5 9.495237302358506e-31 1.645636977495471e-28 44
20.25 5.902742874520598e-31 6.018646112080237e-29 25


0.75 1.855187739514958e-17 1.180099676560384e-17 18
1.5 8.550926242994722e-17 1.587496065460839e-16 62
2.25 7.904471700426394e-17 4.944820563815985e-16 98
3 1.979397601142012e-16 2.079177209080217e-15 210
3.75 2.187968494070887e-16 3.087876138118242e-15 350
4.5 5.074368271796014e-30 8.304074471527559e-29 450
5.25 5.937020166954649e-30 1.414020444944897e-28 602
6 7.524755909580915e-30 2.550730772198685e-28 762
6.75 1.15939702651821e-29 4.768098524697499e-28 1142
7.5 1.364793038629942e-29 6.159553031527142e-28 1250
8.25 1.658253356753603e-29 8.130117702997916e-28 1458
9 2.194334792226414e-29 1.245289641792082e-27 1814
9.75 2.668852085552328e-29 1.740447873426358e-27 2178
10.5 3.374888687489163e-29 2.246899608266697e-27 2498
11.25 3.526259897653916e-29 2.670556707446918e-27 2622
12 4.553132301051211e-29 3.804519222137287e-27 3191
12.75 4.207440244828668e-29 3.960750534428064e-27 3044
13.5 4.022403262396834e-29 4.096861979595425e-27 2736
14.25 3.555672082196557e-29 3.870775851371066e-27 2276
15 3.335619908210308e-29 3.689687399659989e-27 2016
15.75 2.837604221382886e-29 3.286502328045801e-27 1640
16.5 1.848596206819613e-29 2.491774670276847e-27 1056
17.25 1.265282339972908e-29 1.841360409351967e-27 683
18 6.34659821961496e-30 9.638684434956874e-28 350
18.75 3.971719396690227e-30 5.725394896633461e-28 192
19.5 1.345252281712428e-30 1.47996354272378e-28 44
20.25 5.688822053792724e-31 7.00303092280099e-29 25


0.75 2.002133182771527e-17 9.752471944961228e-18 18
1.5 6.627681219374369e-17 2.108763003922149e-16 62
2.25 7.229776826149372e-17 5.406130757380585e-16 98
3 2.234506073184822e-16 1.862938015772189e-15 210
3.75 2.029587551792431e-16 3.297684235815173e-15 350
4.5 4.740139680863778e-30 9.542257108891684e-29 450
5.25 5.526825220238712e-30 1.602667897212842e-28 602
6 8.356180491504314e-30 2.446488258395512e-28 762
6.75 1.219305013563644e-29 4.950155199064336e-28 1142
7.5 1.504074226328269e-29 6.139459495779986e-28 1250
8.25 1.605808319855721e-29 9.135204725229604e-28 1458
9 2.107182214879799e-29 1.334706869495776e-27 1814
9.75 2.886430613763287e-29 1.782923799683164e-27 2178
10.5 3.443242385794133e-29 2.374548147434496e-27 2498
11.25 3.576316785270244e-29 2.881295685188774e-27 2622
12 4.674058570715994e-29 4.089617156226738e-27 3191
12.75 4.706035403346933e-29 3.878089641483542e-27 3044
13.5 4.397097569320527e-29 4.159636521059831e-27 2736
14.25 3.793464012189531e-29 3.894521303383082e-27 2276
15 3.429608597742427e-29 3.893381584918132e-27 2016
15.75 3.050140738541273e-29 3.385784536276885e-27 1640
16.5 1.895514862266003e-29 2.663059070006387e-27 1056
17.25 1.440735912962262e-29 1.861359945267561e-27 683
18 7.140942112429265e-30 9.142404155638664e-28 350
18.75 4.324570089836159e-30 5.867302019573024e-28 192
19.5 1.163144750572279e-30 1.953048360317657e-28 44
20.25 5.723457151921203e-31 7.874890617806668e-29 25


0.75 1.26031357706175e-17 1.630474780397317e-17 18
1.5 6.430730688935904e-17 1.972495738290454e-16 62
2.25 8.951227804862792e-17 4.388142859252575e-16 98
3 2.314546307500074e-16 1.748024688186359e-15 210
3.75 2.087669976362133e-16 3.19118490807945e-15 350
4.5 5.078006129036554e-30 9.90166285199478e-29 450
5.25 5.891186073619039e-30 1.652606174104798e-28 602
6 8.285552264686566e-30 2.64733997259571e-28 762
6.75 1.389776259855828e-29 4.65985778808171e-28 1142
7.5 1.528151689986613e-29 6.676231727379885e-28 1250
8.25 1.65381781166162e-29 9.783891647706642e-28 1458
9 2.331847389029551e-29 1.318765219021289e-27 1814
9.75 3.030389529406201e-29 1.835459983845891e-27 2178
10.5 3.640148700861437e-29 2.497794053807528e-27 2498
11.25 3.758183131724803e-29 2.957586694002547e-27 2622
12 4.873122875632393e-29 4.263202191412141e-27 3191
12.75 4.755585506289397e-29 4.20782250430473e-27 3044
13.5 4.51190023908526e-29 4.418770315777995e-27 2736
14.25 3.868893517472903e-29 4.178233482227132e-27 2276
15 3.59777119015734e-29 4.032302412147915e-27 2016
15.75 3.250747414727032e-29 3.412344514149e-27 1640
16.5 2.031444128266039e-29 2.677989707449527e-27 1056
17.25 1.401881556214652e-29 2.115619953406071e-27 683
18 7.160035296610932e-30 1.000610440740205e-27 350
18.75 4.132142349389962e-30 6.650178345227454e-28 192
19.5 1.425384407757075e-30 1.445449330487729e-28 44
20.25 3.713147871072331e-31 1.109284458997763e-28 25


